time,x,y,z,phi,theta,psi,x_velocity,y_velocity,z_velocity,phi_velocity,theta_velocity,psi_velocity,rotor_speed1,rotor_speed2,rotor_speed3,rotor_speed4
0.06,-1.36995106603391e-07,-2.86808838833468e-08,10.004397307685757,6.282824810625375,0.00013884458333990324,0.0,-1.252022526552959e-05,-1.6156885266406336e-05,0.14656863683177263,-0.022092584976162163,0.006581576778673326,0.0,451.7229816259209,452.2532654655686,451.7703155768832,449.98584387387297
0.12000000000000001,-5.2359071743555956e-06,-1.1702534312006766e-05,10.013376155204616,6.281634686900144,0.0010603842900769322,0.0,-0.0002190651329898851,-0.00048349819717202633,0.15272529850765135,-0.015665622921972745,0.028799596995678304,0.0,405.15147357689705,407.1437728187284,405.68971157638913,406.26625901827583
0.18,-4.3646410837887516e-05,-7.240666432593271e-05,10.023215856383489,6.280421288931777,0.0027185688245028317,0.0,-0.0012146663288198605,-0.0016355777967654254,0.17526088178113647,-0.03140095401004575,0.025202593505324413,0.0,410.93009817561085,410.6114359956262,413.1627929826983,411.77333614570585
0.23999999999999996,-0.0001797729399622347,-0.00023613457313504508,10.037140437970908,6.278519009698211,0.0038002229896694217,0.0,-0.003464580888642989,-0.004018881759032708,0.28886810915663325,-0.03231895973468552,-0.0029053607004616167,0.0,442.196046964257,439.87488191738265,441.4895969053285,441.4134906443909
0.3,-0.0004787628858917965,-0.0005977885018317558,10.060841978056239,6.276777994024638,0.004050687758375915,0.0,-0.006509356373162849,-0.008253359715815244,0.5011125681064148,-0.02311917435211456,0.015508980488743732,0.0,470.82821895573124,472.2504601716989,470.6876506272682,471.3987629112669
0.36000000000000004,-0.0009449673045808736,-0.0012123418930730819,10.091174546053127,6.275516146754464,0.004661220818840128,0.0,-0.009101647245315021,-0.01234870264387963,0.5099679086660147,-0.017151223492261246,-0.003503735231788991,0.0,408.96813446335057,407.2713289456907,406.0744143866225,406.60928863649235
0.4200000000000001,-0.0016078079998739754,-0.0021499371760668267,10.129167971134338,6.274691801200742,0.005047378717129902,0.0,-0.013009618485684443,-0.019017152948141082,0.7563480124252191,-0.007664916446220809,0.021221636558053737,0.0,479.7093525557233,481.5828810028461,481.8454508115074,482.5620809888132
0.48000000000000015,-0.002523721669694481,-0.0035109462406606802,10.18252077400089,6.2739465507109,0.006004770871290255,0.0,-0.01766459348637238,-0.026421462816673135,1.0218780856819452,-0.024215040216331647,0.0025086309033160257,0.0,487.8557094051337,486.45655017856944,487.9056508003401,486.6687433402162
0.5400000000000001,-0.0037009593953551056,-0.005281067404476725,10.245617429566042,6.2725386039907285,0.005728363763166655,0.0,-0.02157648326469867,-0.03271935791063221,1.0812877077202436,-0.02200802317972742,-0.025267281838055412,0.0,426.38427154937614,424.00500899595625,424.5278378199635,424.7170629241476
0.6000000000000002,-0.0051017469173494975,-0.007456745914988669,10.312340398845945,6.270922837835526,0.004086981764547026,0.0,-0.024964461751711922,-0.03994164912646049,1.1427506777791876,-0.039246952730133414,-0.03190051359767875,0.0,425.92816412674256,425.3603278276931,426.50440825425494,425.02942803542106
0.6600000000000003,-0.006686154220563055,-0.010147211542544459,10.386390399625133,6.268509992543105,0.0017230466477657913,0.0,-0.02761264399824116,-0.05001034834170251,1.325385831997193,-0.04222157309712189,-0.061879829634249,0.0,465.13330015666617,462.77885237977347,463.56156388289236,463.3270218187022
0.7200000000000003,-0.008363743133491293,-0.013453250084144342,10.468413608859755,6.2656848532119245,6.280913517171868,0.0,-0.027925595456746038,-0.06045372976579508,1.4086178924831512,-0.059217070241672526,-0.07819477479816839,0.0,433.2412012192549,431.8638417917401,434.82673124978606,433.39928529141906
0.7800000000000004,-0.009973072426778038,-0.01746302559960042,10.556339097075002,6.262214246642911,6.275943121292848,0.0,-0.02521902787761416,-0.07356792005180851,1.522078269302642,-0.05522980145868423,-0.09427913258128673,0.0,444.3246358347112,442.9984192794186,442.48608174567056,442.8118374749035
0.8400000000000004,-0.011286449723065566,-0.022399681755654058,10.654205042484255,6.2587304596272375,6.270840524176675,0.0,-0.017925629245818274,-0.09138567693098212,1.739799220658683,-0.06443297427846947,-0.07107064715143553,0.0,474.1908067774478,475.9644677255898,475.41786636489314,474.7101230545464
0.9000000000000005,-0.012105080935172735,-0.028374683084533073,10.760493413364422,6.25540565588445,6.266591418927485,0.0,-0.008952244624262829,-0.10812156543619114,1.8030333771771105,-0.041690665304560656,-0.07031894838549482,0.0,428.3360039348492,428.3958724445722,427.0162805007301,428.9494137404666
0.9600000000000005,-0.012363484147998836,-0.035314332556397716,10.867055196295762,6.253700622303327,6.2619775690620845,0.0,0.0006862295789925145,-0.1233626378725869,1.749098809902135,-0.010159524658982509,-0.095205560790719,0.0,389.56324002478846,387.2233185800032,387.11841766221784,390.07338761433084
1.0200000000000005,-0.011740683482894788,-0.043491913037056705,10.98054239576765,6.2531505648450505,6.2572987518822245,0.0,0.020718946301922045,-0.14928459230147165,2.03332817372686,-0.007254132426475855,-0.05621503687290929,0.0,493.171997368129,496.03850445262,495.13157015445864,495.34538740160326
1.0800000000000005,-0.010006099600453474,-0.05300814829548381,11.10343179373017,6.252511012860488,6.254441888462637,0.0,0.0373809099695453,-0.16797023635184555,2.0629212502044316,-0.018528531081313783,-0.034388234679516724,0.0,417.0385164977146,418.9388980274013,419.06178877006045,418.08076787387546
1.1400000000000006,-0.006961792861225898,-0.06393648577221962,11.237054303227223,6.251031495469348,6.252558695576408,0.0,0.06434473930640999,-0.1964586035044376,2.390520734402689,-0.041200214685460194,-0.025974153660945846,0.0,508.0829787351445,508.6856037373638,508.55165464030637,506.92513854904655
1.2000000000000006,-0.002403798120267423,-0.07646050453287073,11.385382410606427,6.24831662156449,6.251437566021913,0.0,0.0877233805003489,-0.22128448205402518,2.553382136967387,-0.05490575757632744,-0.007083108976665338,0.0,461.2884617695958,462.77780892775024,462.56603111568523,461.484347605713
1.2600000000000007,0.0035347642348591826,-0.09049054494087067,11.542119130272159,6.244898900692853,6.25093567633834,0.0,0.11026829855915579,-0.24672503971246512,2.670888960879197,-0.0614271240304356,-0.011060120226500495,0.0,448.8289843817846,448.506220416048,449.4323365916733,448.9012706578552
1.3200000000000007,0.010871337455376849,-0.10616080923592902,11.70694668910654,6.241851373978427,6.250276411321796,0.0,0.13434457765862434,-0.2759664286609613,2.822977215710933,-0.035242325881789355,-0.010843402254019075,0.0,459.7226955175736,459.7399958137827,459.5123649364402,461.58164980015255
1.3800000000000008,0.01959242943493679,-0.12355351632544063,11.87864010795197,6.239949451710366,6.249633552326706,0.0,0.15641541466331418,-0.3039805269804373,2.899928278916022,-0.025417173169024046,-0.010457387982576052,0.0,437.03257649025926,437.06487231511784,437.7175413013482,438.53403184422433
1.4400000000000008,0.02968676696548182,-0.14270947665510167,12.056026433500898,6.239027892795253,6.249046340610205,0.0,0.1801151315281814,-0.3346617757646689,3.012644882811651,-0.00044240260197984417,-0.008478437137859809,0.0,448.7749593739121,448.93568593501226,448.7184365255926,450.74135771057365
1.5000000000000009,0.041279023564663876,-0.16380342618324975,12.24204172262861,6.238561451812437,6.248288643244958,0.0,0.20634617827487595,-0.3684707026406815,3.187383371651608,-0.02944879283429147,-0.022586424327245568,0.0,469.00798893567855,467.91107891013337,470.24995132445196,467.997705010946
1.560000000000001,0.05435939822846597,-0.18680829320202666,12.435511742127838,6.236748438481797,6.246675075363619,0.0,0.22980209005802724,-0.3985257626747762,3.261387618031651,-0.03179882489791393,-0.03731076399088863,0.0,440.22224343256795,439.0019229084732,438.09054837976976,437.894786691414
1.620000000000001,0.06899758682785498,-0.211799918331229,12.63655034837517,6.234429017663784,6.244823692481006,0.0,0.2583468938297822,-0.43473858531379644,3.439349961498876,-0.05815941054577428,-0.020347615313279704,0.0,470.0168623873476,471.32939602823063,472.79361701864934,470.75741847984347
1.680000000000001,0.08533835388519792,-0.2389628539611421,12.847020692245682,6.2313829930494045,6.244172825270876,0.0,0.28642324765195476,-0.4710206655419669,3.5758769216796362,-0.039034954057077395,0.0034372830063955986,0.0,458.9736583896545,460.8576450163812,459.15268380394104,460.6658163401706
1.740000000000001,0.1032364714817226,-0.26818301479161105,13.062191729920716,6.228630419794904,6.244395076865352,0.0,0.31015692354508384,-0.5032080186659236,3.596404706797101,-0.06530292272848214,0.0042327707686476805,0.0,424.44157040550726,424.5097691832301,424.9595229334681,422.7001754625084
1.8000000000000012,0.12257602534567483,-0.2994220346143727,13.279158674958248,6.2244148402868955,6.24421603279019,0.0,0.33447815475244547,-0.5384631308648657,3.635668129633672,-0.08268449935665272,-0.024115122453186547,0.0,431.8592222601477,429.4613543072093,431.05700223129696,429.5814702300786
1.8600000000000012,0.14353871165630824,-0.3330955394210998,13.502427764778277,6.2197513624487115,6.243233438236963,0.0,0.36438711709376986,-0.5844937796925166,3.8060243209803324,-0.06930255299496586,-0.004204025711927015,0.0,470.4431200472976,471.98246163845573,471.34255597419497,472.3711681056975
1.9200000000000013,0.1662856644748967,-0.36958970262596125,13.735213221631042,6.215602884003827,6.242916676127436,0.0,0.3938528514303753,-0.6324001867819379,3.9529416682178438,-0.06882091670388889,-0.007521898537854037,0.0,465.94247782162995,465.6830980455706,465.7005324793464,465.73482290801826
1.9800000000000013,0.19065076125678554,-0.4087841509222829,13.972922111055901,6.211765569042473,6.242143205950752,0.0,0.41836410433219834,-0.6744358029798383,3.970580270264465,-0.055669490666974714,-0.026691597852307933,0.0,427.1184096592039,425.4803141841076,425.75765029395774,426.8782198752923
2.0400000000000014,0.21649365925755415,-0.4505511607449901,14.21143703455106,6.208312883135125,6.240749381895013,0.0,0.44319404965962084,-0.7180987697314973,3.9798362437874277,-0.0615852815574771,-0.01707881623879668,0.0,423.3820533125208,424.2082887990962,424.02805037342023,423.51701973358206
2.1000000000000014,0.2438121118343453,-0.49493721813664787,14.449646425355295,6.204475963330474,6.240274121623546,0.0,0.4674802466719258,-0.7617620607194397,3.9604957425492398,-0.06914984924908356,0.005968289688178542,0.0,413.02986049771374,415.0577644226641,415.08086391098664,414.4130803636672
2.1600000000000015,0.2729731468620799,-0.5427183233384731,14.695572533270644,6.199900091059742,6.24091279665716,0.0,0.5044415419076619,-0.8314154327539687,4.235980981699147,-0.09690025177947681,0.01865582402046496,0.0,503.85079753112245,504.7671508718879,505.531525105728,503.52369574233995
2.2200000000000015,0.3040644005500626,-0.5942722803083309,14.951699498693383,6.193714447088665,6.241763888688535,0.0,0.5318203627910265,-0.8876080411507539,4.301261285642729,-0.11986286951722303,0.0032707204588677957,0.0,444.51120149250005,443.2484124061491,445.77388340772114,443.883737809479
2.2800000000000016,0.33673546664783294,-0.6492190027967353,15.210566212009777,6.186340223629234,6.242167101286235,0.0,0.5571777240634055,-0.9446038012956591,4.32743125037819,-0.12980197931917692,0.012854068581135386,0.0,431.55296232641814,432.36111356783255,433.5470624296859,432.6968724582777
2.3400000000000016,0.37112709184640885,-0.7082275728394402,15.476093401010525,6.178205817115938,6.243363477202093,0.0,0.5890542540996211,-1.0231931554406302,4.5225785634800655,-0.15076158802988868,0.031280391229126285,0.0,484.2856851085299,485.66974609906623,485.3875694667489,483.79626160199984
2.4000000000000017,0.4072657223439208,-0.7717941594382464,15.749992050016857,6.16918601729024,6.2454924587483305,0.0,0.6153440003317637,-1.0965564591471078,4.606893400975173,-0.14948153349421808,0.04278387264336764,0.0,453.474311252804,454.3980394812134,452.7340976712136,452.8162914554617
2.4600000000000017,0.44488398826465547,-0.8397868725683526,16.02756784959889,6.160619842458047,6.247868545608068,0.0,0.6383523246639262,-1.170661604282503,4.645332881859741,-0.13192745977635914,0.03232721102000395,0.0,439.73540571202716,438.8690354146164,439.7894048368084,441.2217089585756
2.520000000000002,0.48385328297479274,-0.9124370050071797,16.307845996393343,6.152665378971285,6.249760408770269,0.0,0.6604257789850978,-1.25173675110038,4.696907571367797,-0.13389922251047617,0.029889521095184893,0.0,444.29201762842865,444.0924372537657,445.37541520619493,445.1979635710911
2.580000000000002,0.5241174309019471,-0.9901368825127458,16.591429021991857,6.144966741699163,6.251422552351736,0.0,0.6815289965262423,-1.3389803845398716,4.755448614760448,-0.11899503415984111,0.022924588043083786,0.0,448.01829455445704,447.4517549324341,447.1291221931898,448.3267822576376
2.640000000000002,0.5655102214758756,-1.0727564295494718,16.87520114962628,6.137496892550562,6.2529952933155,0.0,0.6981111359295405,-1.4156177169930277,4.7036935895454866,-0.1387365531896652,0.032087364361546994,0.0,411.6352919199235,412.4456602319604,413.554718654269,411.7961501544453
2.700000000000002,0.6080324835315732,-1.1609012391730409,17.161248431985896,6.128981060901463,6.255038007813164,0.0,0.7190599949689296,-1.5233543361974955,4.8304589320781215,-0.14922744285804435,0.037697909384976594,0.0,468.45347407446,468.8900027405298,470.87097087549444,470.04094911128345
2.760000000000002,0.6518213288148622,-1.2560173797831382,17.45690472570819,6.11958522848802,6.2576881785707705,0.0,0.7402442558647658,-1.6481019561257675,5.023633628982595,-0.17840603430035895,0.05470043175585377,0.0,490.53454207677913,491.79653220541496,491.35769771985196,489.1680105096368
2.820000000000002,0.6967084141860527,-1.3581604831591916,17.759990771496533,6.108734835697117,6.261232178198245,0.0,0.7556438176369996,-1.7576489077311113,5.078703099637677,-0.18620676166430633,0.06661311643414553,0.0,450.81095905601546,451.77500927220075,451.7990926159203,451.1384685773527
2.880000000000002,0.7424340216180073,-1.4669988757443615,18.065830591157553,6.09737405606117,6.265942929756978,0.0,0.7681113455655278,-1.8713044123466323,5.1154813139583375,-0.19649688993862507,0.09539621787798193,0.0,444.813377951747,447.1692722366329,447.91705955196676,447.0445403182837
2.940000000000002,0.7887996192249779,-1.5827479884634397,18.37317041063405,6.085815272231752,6.271316570463471,0.0,0.7768874018436192,-1.9880206721383125,5.12878666900406,-0.1858938004688297,0.0741310485956534,0.0,439.6406509184574,437.8815032369785,441.29362096867663,442.13161342041184
3.000000000000002,0.8356214471878861,-1.7061798093401017,18.68358908981577,6.074759754196995,6.275664298914027,0.0,0.7833745903727127,-2.1273928437164122,5.217697980694234,-0.18117845382678094,0.06889803516712985,0.0,465.58581498361,465.17994235345316,464.4103663759419,464.74882831871207
3.0600000000000023,0.8827032299620493,-1.8370131981965754,18.993729030947375,6.064384735854986,6.279500072037221,0.0,0.7857137645716595,-2.2345832466187794,5.120433954860299,-0.16011265744033923,0.05146571370040877,0.0,405.9988003871011,404.434735597873,404.73082601092324,406.59046180617304
3.1200000000000023,0.9298953259919004,-1.976277167657305,19.306221250871467,6.0544060360266645,6.282221331032126,0.0,0.7870062528917754,-2.408450866029536,5.294685865970447,-0.18308668823501226,0.028887924836608795,0.0,493.383650376803,491.71457896093756,492.5177803529919,490.7913828635052
3.1800000000000024,0.9771022661739386,-2.124936918455867,19.623678710696186,6.043703739537417,0.000323402232677239,0.0,0.7864155586334746,-2.5477984322504748,5.286822939870566,-0.17031379889062198,-0.0007015794765128612,0.0,439.75368381697376,437.29533869906004,437.8837004304627,438.9138436749721
3.2400000000000024,1.024255695296316,-2.2827300104370107,19.942978064641522,6.033489276827703,4.890793681777694e-05,0.0,0.7853806374369763,-2.712861420163782,5.355642123450631,-0.1700961391220002,-0.013738311065324653,0.0,464.93479833048355,463.9121697704412,463.38451105987593,463.375137085921
3.3000000000000025,1.071355448511447,-2.450150456729321,20.26446033650058,6.02317717925955,6.282460018346416,0.0,0.784685330516338,-2.8686925645158765,5.359898470032505,-0.1756657597528075,-0.01128346969943087,0.0,444.5997996757439,444.80104227600066,445.86271252089523,445.3790355249287
3.3600000000000025,1.118426347449221,-2.6269684403725053,20.585600561556713,6.012629317001156,6.282432995291533,0.0,0.7843709144231588,-3.0261304100513087,5.344309209272062,-0.17606251502770892,0.015319184655373491,0.0,440.12187458426,442.3186381748044,438.519492719659,438.4563022475268
3.4200000000000026,1.1654754351903762,-2.813941878494159,20.907605269388647,6.002673769265357,0.00010732928672751996,0.0,0.7838434556930136,-3.20718180755135,5.388353528354923,-0.15093669910678542,0.012266073506799384,0.0,460.9341980913896,460.69268893589367,458.5951194426254,460.56107688349545
3.4800000000000026,1.2124767925019129,-3.011278540330104,21.229791300238425,5.993310627102087,0.0009245447159909048,0.0,0.7828010502257772,-3.3714901300780906,5.350812852268586,-0.1689814172793741,0.016199610911560743,0.0,434.9236070136313,435.25289513813306,436.38946181391793,434.85632819106354
3.5400000000000027,1.2593983810619909,-3.219167966322363,21.55141157176678,5.982701162675621,0.00207773626742469,0.0,0.7811503386489416,-3.5590179863823694,5.369098786726172,-0.20104596244612571,0.024663027009452665,0.0,454.8690544682318,455.54640196007216,455.33945977647403,452.73592183206495
3.6000000000000028,1.3061912547891597,-3.439249452844373,21.876388809016362,5.971231378759725,0.003470665295758124,0.0,0.7784598325955022,-3.7780028627860798,5.462159003865458,-0.1764607830031674,0.020151071677849974,0.0,480.7710055380565,480.42896230754826,478.23257643008367,480.0686441882915
3.660000000000003,1.3527918944047912,-3.672840700977418,22.207253605750715,5.960484098615584,0.004647944013790095,0.0,0.7747684531559945,-4.0092210265334876,5.565258162108138,-0.18504841945587114,0.018540249988786395,0.0,485.4323729490461,485.3113850194758,486.23293041352514,485.5609524000747
3.720000000000003,1.3991523593581567,-3.9200824320603025,22.54283897357138,5.949518220807798,0.005821025369454169,0.0,0.7704679342884737,-4.233046042642986,5.619726042370972,-0.17855505459539145,0.021500398256210817,0.0,473.73015752418934,473.95770375897575,473.07762463897166,473.5473222137677
3.780000000000003,1.4452352991654158,-4.180694499652748,22.880783000504923,5.939226606130163,0.006898414205323,0.0,0.7655177036806854,-4.454850137659469,5.644032392335173,-0.1602733618224261,0.009710826209181653,0.0,467.15129499250986,466.2307873267969,465.7546630383443,467.1556108820566
3.840000000000003,1.4910243925452134,-4.453766424211727,23.217173714338866,5.929250079638473,0.007321751365727103,0.0,0.7607451483117174,-4.648376866262784,5.568569366175324,-0.18230334182613914,0.0011316730372869488,0.0,436.6319661429317,435.9153539273183,436.32106452021475,434.4498610498818
3.900000000000003,1.5365240810305418,-4.738527619801549,23.548685610170633,5.918159633915895,0.007287339662423342,0.0,0.7559117261489336,-4.844578787843145,5.481379074111794,-0.1904617969407823,-0.0042231837937211514,0.0,433.5276937645565,433.0774139981419,432.7814938285771,432.0597982812352
3.960000000000003,1.581733565512225,-5.035358586402773,23.875157533207254,5.9065334600578545,0.006888644220185647,0.0,0.7511006069691396,-5.050727572436493,5.400449412861493,-0.20136359996452785,-0.011991454383466382,0.0,436.219187632223,435.56993721320435,436.8753812430318,435.9276263028455
4.020000000000002,1.6266548776317709,-5.345181295038476,24.197733062950768,5.894422316690829,0.006511820394618617,0.0,0.7463277897779088,-5.277647705247764,5.351196126218384,-0.20284660875951138,0.0032150663213253083,0.0,448.31707351981174,449.55135169144665,447.9036432948374,447.74337540903457
4.080000000000001,1.671304068832388,-5.668246189286539,24.515801921521085,5.881950955104788,0.007141712261911515,0.0,0.7419451081924707,-5.4921744632612,5.250503159908207,-0.2204308210203512,0.022094331832909056,0.0,431.50008395705737,433.09127406336137,433.8294570440312,432.3058264068907
4.14,1.715658306064077,-6.005407435092315,24.830090182993008,5.868973793458736,0.0081442438353454,0.0,0.7364242612262579,-5.747513284702443,5.224547534818681,-0.20908337789144027,0.0028533452870118823,0.0,460.5990805014928,459.0744028816237,459.2996625335554,460.15433577509606
4.199999999999998,1.7596608753016845,-6.358426133685657,25.143348885828182,5.856674055608536,0.00813810403958204,0.0,0.7303281503936032,-6.020670884239,5.216003596379626,-0.19787920962315783,-0.0067890047689056505,0.0,468.8739058088254,468.1240076416855,467.67868192845725,468.5117134803035
4.259999999999997,1.803323582439481,-6.7268818262018435,25.45333968109373,5.844665028681867,0.007533176398904828,0.0,0.7251407253443406,-6.2621279813142765,5.116204438043458,-0.20512188442516738,-0.017651694723387623,0.0,441.67971362930564,440.7827751329894,439.9633583891407,439.3233138380918
4.319999999999996,1.8466628655035902,-7.11148002856506,25.760274695288405,5.832854985931267,0.006349985546557413,0.0,0.7196223833833915,-6.558622826893614,5.113348098678686,-0.1839997489284239,-0.024214758929265973,0.0,475.791040669178,475.288230680604,474.34942649097457,475.933555894384
4.379999999999995,1.889712260102756,-7.512999758933017,26.064603960361,5.821615711164396,0.004761082926718174,0.0,0.7154936842940169,-6.826215203452187,5.0298911791708445,-0.19495237734046117,-0.03145132623676293,0.0,452.47986673409923,451.8965976500808,451.7699858721009,450.8520711437772
4.439999999999993,1.9325478772057956,-7.930225704266535,26.36265812357509,5.80987784578522,0.003937777891222183,0.0,0.7124610476093164,-7.082246971230233,4.904370321180857,-0.19702192635242272,0.008460776817300954,0.0,438.02514459579413,441.33277086558905,439.46244986525534,439.2529461124925
4.499999999999992,1.9751953488480234,-8.364531079812595,26.655968835079502,5.797791660298273,0.005002077219455003,0.0,0.7090463934875411,-7.395373057380074,4.870975892239903,-0.21215719094222132,0.031766417866939886,0.0,473.0454568922778,474.83714839231044,473.87157114553224,472.668983969062
4.559999999999991,2.017644031810432,-8.81513363405737,26.94193519396157,5.785437824463251,0.0072604951141368446,0.0,0.7057670593663047,-7.625803575771469,4.660787453368522,-0.19566367367525533,0.047359389252898364,0.0,413.17764801603926,414.55133565427815,413.8831095661986,415.28742592695227
4.6199999999999894,2.0598451187494407,-9.280830903914644,27.21711982115302,5.773259988380202,0.010716611512594731,0.0,0.7006877020866318,-7.8983890695820715,4.511053790496643,-0.22442420319832804,0.07272036724577322,0.0,436.4695525048769,438.5839157072354,440.0414495115191,437.61122952196035
4.679999999999988,2.1016201884021464,-9.765772296103508,27.487897784195454,5.760229943339578,0.015194550711951749,0.0,0.6913703353010359,-8.267009475168113,4.512494699355505,-0.2056227680524581,0.07820361413203251,0.0,492.0289622390947,492.4386075651583,493.4157055854653,494.7603833704052
4.739999999999987,2.1427889456516818,-10.271579731998344,27.755896213210683,5.748233227341576,0.01937098139613802,0.0,0.6805292528698158,-8.594020355426125,4.419098710049733,-0.19051049384459762,0.040714701650063495,0.0,467.43950025015147,464.5110246386323,466.1366520030168,467.2792240368063
4.799999999999986,2.183288361279367,-10.79599351554907,28.015986816535627,5.737210326629818,0.02184758182431068,0.0,0.66927079416095,-8.887345627132744,4.2494549009876,-0.1727662465218046,0.0423772795363586,0.0,442.99830847903326,443.13595032354016,442.00627665092475,443.43357646113753
4.859999999999984,2.2230022376885805,-11.339891836531956,28.26846121801297,5.726540650613394,0.02455201872367052,0.0,0.6543096582050666,-9.243220709240786,4.164456157376507,-0.19057711055733081,0.04998361842967793,0.0,475.1061363289597,475.6901674411579,477.48075489466123,476.0910845109993
4.919999999999983,2.261892430524514,-11.902738540356584,28.511390863787483,5.714893960671125,0.027582949359252318,0.0,0.6418276347077596,-9.519389510438888,3.9323185122268423,-0.20231569890558854,0.051558255608808716,0.0,426.49132235233037,426.62757228173007,427.35772408310385,426.3169159420858
4.979999999999982,2.299991748812974,-12.48238332095256,28.74022642393946,5.702662786091283,0.030671658204373564,0.0,0.6279447863651817,-9.803164512988118,3.6945213953676364,-0.20711363768830293,0.05131851089143843,0.0,427.420664383891,427.4020369572153,426.77121661909496,426.3185906206666
5.0399999999999805,2.3370621914833025,-13.081996237044178,28.95871816877563,5.690133384287893,0.03346250793731276,0.0,0.6075112173406688,-10.184569260955097,3.5862292924637145,-0.21247614092429878,0.0345718210241964,0.0,478.5526637517489,477.27688544394636,478.4681658679739,478.020010781186
